0.903783319533902 1 1 1 0 1 0 0 0 0 1 0 1 0 1 0 1 1 1 0 0 0 1 0 1 1 1 0 0 0 1 0 1 1 1 0 0 0 1 0 1 0 0 0 0 1 1
0.885374455235782 1 0 1 1 0 1 0 0 0 0 0 0 0 0 1 1 0 0 0 1 0 0 1 0 0 0 0 0 1 1 1 0 0 0 1 0 0 0 1 1 1 0 1 0 1 0
0.833018831320272 1 0 0 1 1 0 1 1 0 0 0 0 1 1 1 1 1 0 1 1 0 1 1 1 1 1 0 0 0 0 1 0 0 0 0 0 0 1 0 0 1 1 0 0 0 0
0.694413902877717 1 0 1 1 0 0 0 0 0 1 0 0 1 0 1 1 0 1 0 0 1 1 1 0 0 1 1 0 0 1 0 1 1 1 0 0 0 1 0 1 0 1 0 1 1 1
0.442786689894147 1 0 1 0 0 1 1 0 1 1 1 1 1 1 0 0 1 0 0 0 1 1 1 0 0 1 0 0 1 0 1 1 1 0 1 1 1 1 1 0 0 1 0 0 0 0
0.893420769991658 1 1 0 0 1 0 1 1 0 0 0 1 0 0 0 0 0 0 1 1 0 1 0 0 1 1 0 1 0 1 1 1 1 1 0 0 1 0 0 1 1 1 0 0 0 1
0.733495182114324 0 1 1 0 0 0 0 0 1 0 0 1 0 0 1 0 1 1 1 0 1 0 1 1 1 0 1 0 0 0 0 0 0 0 1 0 1 1 1 0 0 0 1 1 0 1
0.910750397259372 1 1 1 0 0 1 1 0 0 0 0 0 0 1 0 1 1 1 1 1 0 1 0 1 1 0 0 0 1 1 0 1 1 0 1 0 1 0 0 0 0 1 0 1 0 0
0.547605965245297 0 1 0 0 0 1 0 1 0 1 0 1 0 0 0 1 1 1 0 1 1 1 1 1 0 1 0 0 1 0 0 1 1 0 1 0 1 1 0 1 1 1 1 0 0 0
0.825792661858708 1 1 0 1 1 1 1 1 1 1 0 0 0 0 0 0 0 1 1 1 1 1 0 0 1 0 1 1 1 0 0 1 1 1 0 0 1 0 0 1 0 0 1 0 1 0
0.713246762426453 1 1 0 0 0 0 0 0 1 0 1 0 1 0 1 1 0 0 1 1 0 1 0 1 1 0 1 1 1 1 1 0 0 0 1 1 1 0 1 0 0 0 1 0 0 0
0.463715766040864 0 0 1 1 1 1 1 1 1 1 0 1 1 1 1 0 1 0 0 1 1 1 1 1 0 1 0 1 1 1 1 1 1 1 1 1 0 0 1 0 1 0 1 1 0 1
0.38216736449076 0 0 0 0 0 0 0 0 0 1 0 1 1 0 1 0 0 0 1 1 0 0 1 1 0 0 1 0 0 0 0 1 1 0 1 1 1 0 1 1 1 1 1 1 0 0
0.6414021307816 0 0 1 0 0 0 0 1 0 1 1 1 0 0 0 0 1 0 1 0 1 1 1 1 0 0 0 1 1 0 0 0 0 1 0 0 0 1 1 0 1 0 1 1 1 0
0.618086501109988 1 0 0 0 1 0 0 0 0 0 1 0 0 0 0 0 1 0 0 0 0 0 1 1 1 0 0 1 1 1 0 1 0 0 1 0 0 1 1 1 1 1 1 0 1 1
0.360101374620477 0 0 1 0 1 1 0 0 1 0 1 1 1 0 0 0 1 1 1 0 1 0 0 1 0 1 1 1 1 0 1 1 1 0 0 0 1 1 1 0 0 0 1 0 0 1
0.233963412918957 0 1 0 0 1 0 0 0 1 0 0 0 0 1 0 1 1 0 1 1 0 1 0 1 0 0 1 0 1 0 0 0 1 0 0 1 0 0 1 1 0 0 0 0 0 1
0.960100696387242 1 1 0 1 0 0 0 0 0 0 0 0 0 0 1 1 1 0 0 0 1 1 1 0 0 1 1 0 0 0 0 1 0 1 0 1 0 0 0 1 1 0 1 0 1 1
0.936471683309954 1 0 0 0 0 0 1 1 0 0 0 0 0 0 1 1 1 0 0 1 1 1 1 0 1 0 0 0 1 0 0 1 1 1 1 0 1 1 1 0 1 1 0 1 0 1
0.362515833629636 0 0 0 0 0 1 1 1 0 1 1 1 0 0 1 0 0 1 1 1 1 0 0 1 0 1 1 1 1 1 1 0 0 1 1 0 1 0 1 1 0 0 0 0 0 1
0.510259544263414 0 1 1 1 0 1 0 1 0 0 0 1 0 0 1 0 1 0 1 0 1 1 1 1 0 1 1 1 0 0 0 0 1 1 0 1 0 1 1 0 1 0 1 1 1 1
0.781469356389171 1 1 0 0 0 0 0 1 1 0 0 1 1 1 1 1 0 1 0 0 1 1 0 1 1 1 1 1 1 0 1 1 0 1 0 1 0 0 0 0 0 1 1 1 0 1
0.905793277161445 1 1 0 0 1 1 0 0 1 0 1 0 0 1 1 1 0 0 0 0 0 1 0 0 1 1 0 0 0 0 1 1 1 0 0 0 1 0 1 1 0 1 0 0 1 1
0.836266194178942 1 1 0 1 0 1 1 1 0 1 1 0 1 1 1 0 1 0 1 0 0 1 1 0 1 1 1 0 0 1 0 0 1 1 1 1 0 0 0 0 1 1 0 1 0 1
0.644564670242073 0 1 0 1 1 0 1 0 0 1 0 1 0 1 1 1 0 1 1 0 0 1 1 0 0 0 0 0 0 0 0 0 1 0 1 0 0 0 1 1 1 1 1 0 0 0
